COE 2001   0	0	0	2	0	3	0	0	3	4	13	2	1	2	2	0	4	1	3	8	2	10	4	0	0	0	0	0	3	16	0	4	1	11	
COE 3001   0	0	1	0	0	0	0	0	6	4	8	1	0	0	0	0	9	0	0	19	0	8	19	0	2	0	0	0	1	0	0	3	1	7	
ECE 2699   0	1	0	0	0	1	0	0	0	1	0	0	0	0	0	0	0	0	0	1	0	0	1	0	1	0	0	0	0	0	0	0	0	0	
ECE 3076   2	0	0	0	1	6	0	2	1	0	1	0	0	1	0	0	0	0	0	4	0	2	1	1	0	0	0	0	0	0	0	0	0	0	
ECE 2040   0	0	0	1	0	0	0	0	0	0	2	0	0	0	0	0	0	0	0	2	0	2	1	0	0	0	0	0	0	0	0	0	0	0	
ECE 3025   3	0	1	6	0	0	3	1	1	1	2	1	0	1	0	0	0	0	0	6	0	8	4	4	0	0	0	1	0	0	0	1	0	1	
ECE 4750   0	0	0	0	0	3	0	0	0	1	0	0	0	0	0	0	0	0	0	0	0	3	0	1	0	0	0	0	0	0	0	1	1	1	
ECE 4751   0	0	0	2	0	1	0	0	0	0	0	0	0	0	0	0	0	0	0	0	0	1	1	0	0	0	0	0	0	0	0	0	0	0	
ECE 3710   3	6	0	1	0	1	0	0	0	4	3	1	2	0	1	0	8	2	1	6	0	6	4	0	0	0	0	0	1	0	0	2	1	4	
ECON 2101   4	4	1	0	0	1	1	0	4	0	8	0	1	2	3	0	2	1	1	4	2	13	4	1	1	0	0	0	0	1	0	5	1	7	
FREN 1001   13	8	0	1	2	2	0	0	3	8	0	1	0	0	0	0	3	4	4	15	2	18	7	0	1	0	1	3	6	5	0	10	4	9	
FREN 1002   2	1	0	0	0	1	0	0	1	0	1	0	0	0	0	0	2	0	3	0	0	3	1	0	0	0	0	1	2	2	0	3	1	2	
FREN 2021   1	0	0	0	0	0	0	0	2	1	0	0	0	0	0	0	1	0	0	1	1	2	2	0	1	0	0	0	0	0	0	0	0	1	
FREN 2813   2	0	0	1	0	1	0	0	0	2	0	0	0	0	1	0	1	0	0	0	0	1	0	0	0	0	0	0	0	2	0	1	0	2	
FREN 4813   2	0	0	0	0	0	0	0	1	3	0	0	0	1	0	0	1	1	0	0	0	0	0	0	0	0	0	0	1	1	0	0	0	3	
FREN 4901   0	0	0	0	0	0	0	0	0	0	0	0	0	0	0	0	0	0	0	1	0	0	1	0	0	0	0	0	0	0	0	0	0	1	
ISYE 3025   4	9	0	0	0	0	0	0	8	2	3	2	1	1	1	0	0	6	7	10	2	10	10	0	1	0	0	0	5	0	0	8	2	5	
ISYE 3039   1	0	0	0	0	0	0	0	2	1	4	0	0	0	1	0	6	0	1	1	0	0	1	0	0	0	0	0	6	0	0	4	2	2	
ISYE 2028   3	0	0	0	0	0	0	0	1	1	4	3	0	0	0	0	7	1	0	1	0	4	0	0	0	0	0	0	5	0	0	5	0	1	
ISYE 3770   8	19	1	4	2	6	0	0	6	4	15	0	1	0	0	1	10	1	1	0	0	17	23	2	1	1	2	2	2	0	0	4	1	9	
HTS 4803   2	0	0	0	0	0	0	0	0	2	2	0	1	0	0	0	2	0	0	0	0	5	1	0	1	0	0	0	0	1	0	1	0	0	
HTS 2084   10	8	0	2	2	8	3	1	6	13	18	3	2	1	0	0	10	0	4	17	5	0	9	4	3	0	1	2	1	1	0	11	3	10	
ME 3322   4	19	1	1	1	4	0	1	4	4	7	1	2	0	0	1	10	1	0	23	1	9	0	0	2	0	0	0	0	0	0	6	2	7	
ME 3720   0	0	0	1	0	4	1	0	0	1	0	0	0	0	0	0	0	0	0	2	0	4	0	0	0	0	0	1	0	0	0	0	0	0	
ME 4760   0	2	1	0	0	0	0	0	0	1	1	0	1	0	0	0	1	0	0	1	1	3	2	0	0	0	0	0	0	0	0	0	1	0	
CS 2699   0	0	0	0	0	0	0	0	0	0	0	0	0	0	0	0	0	0	0	1	0	0	0	0	0	0	1	0	0	0	0	0	0	0	
CS 3251   0	0	0	0	0	0	0	0	0	0	1	0	0	0	0	0	0	0	0	2	0	1	0	0	0	1	0	3	1	0	0	0	0	0	
CS 4001   0	0	0	0	0	1	0	0	0	0	3	1	0	0	0	0	0	0	0	2	0	2	0	1	0	0	3	0	2	0	0	2	2	0	
CS 4400   3	1	0	0	0	0	0	0	1	0	6	2	0	0	1	0	5	6	5	2	0	1	0	0	0	0	1	2	0	0	0	8	2	4	
CHBE 3200   16	0	0	0	0	0	0	0	0	1	5	2	0	2	1	0	0	0	0	0	1	1	0	0	0	0	0	0	0	0	0	1	0	5	
CHBE 3001   0	0	0	0	0	0	0	0	0	0	0	0	0	0	0	0	0	0	0	0	0	0	0	0	0	0	0	0	0	0	0	0	0	0	
MGT 3150   4	3	0	0	0	1	1	0	2	5	10	3	0	1	0	0	8	4	5	4	1	11	6	0	0	0	0	2	8	1	0	0	10	2	
MGT 3660   1	1	0	0	0	0	1	0	1	1	4	1	0	0	0	0	2	2	0	1	0	3	2	0	1	0	0	2	2	0	0	10	0	1	
MSE 2001   11	7	0	0	0	1	1	0	4	7	9	2	1	2	3	1	5	2	1	9	0	10	7	0	0	0	0	0	4	5	0	2	1	0	

COE 2001 :  110
COE 3001 :  111
ECE 2699 :  38
ECE 3076 :  36
ECE 2040 :  29
ECE 3025 :  64
ECE 4750 :  28
ECE 4751 :  33
ECE 3710 :  89
ECON 2101 :  76
FREN 1001 :  157
FREN 1002 :  68
FREN 2021 :  40
FREN 2813 :  42
FREN 4813 :  43
FREN 4901 :  38
ISYE 3025 :  125
ISYE 3039 :  52
ISYE 2028 :  63
ISYE 3770 :  163
HTS 4803 :  30
HTS 2084 :  188
ME 3322 :  138
ME 3720 :  31
ME 4760 :  59
CS 2699 :  22
CS 3251 :  22
CS 4001 :  38
CS 4400 :  63
CHBE 3200 :  65
CHBE 3001 :  32
MGT 3150 :  109
MGT 3660 :  57
MSE 2001 :  117
